[gd_scene load_steps=8 format=3 uid="uid://kfeia6x8pslm"]

[ext_resource type="PackedScene" uid="uid://ho4mjnsgcks7" path="res://11_SPEAKER/00_NPC/Model/Guy_02.blend" id="1_gnuht"]
[ext_resource type="Script" path="res://11_SPEAKER/00_NPC/Light_on.gd" id="2_8tarw"]
[ext_resource type="Material" uid="uid://j1imc71ekwkw" path="res://05_SHADER_TEST/Npc_Shader/Npc_lighter_yellow_02.tres" id="3_y5j02"]
[ext_resource type="Material" uid="uid://bb47xs7crha0s" path="res://05_SHADER_TEST/Npc_Shader/Npc_lighter_yellow.tres" id="4_mfumh"]
[ext_resource type="Material" uid="uid://cje3d31ux7y1p" path="res://05_SHADER_TEST/Npc_Shader/Npc_medium.tres" id="5_jycg2"]
[ext_resource type="Material" uid="uid://c6m3xbt465c" path="res://05_SHADER_TEST/Npc_Shader/Npc_medium_02.tres" id="6_fitiq"]
[ext_resource type="Material" uid="uid://b6th4tm7dsuld" path="res://05_SHADER_TEST/Npc_Shader/Npc_lighter_yellow_03.tres" id="7_1k51v"]

[node name="NPC_Maurice_prefab" type="Node3D"]
transform = Transform3D(-1.92243e-07, 0, -4.398, 0, 4.398, 0, 4.398, 0, -1.92243e-07, 0.091, 9.398, -2.226)

[node name="Light_on" type="Node" parent="."]
script = ExtResource("2_8tarw")

[node name="NPC_light" type="OmniLight3D" parent="."]
transform = Transform3D(0.227376, 0, 1.77636e-15, 0, 0.227376, 0, -1.77636e-15, 0, 0.227376, 1.3046, 1.89337, 0.110528)
layers = 32
shadow_bias = 0.0
shadow_normal_bias = 0.0
shadow_transmittance_bias = 0.21
shadow_blur = 6.76
omni_range = 16.972
omni_attenuation = 0.0915056

[node name="Guy_02" parent="." instance=ExtResource("1_gnuht")]
transform = Transform3D(0.982858, 0, -0.184364, 0, 1, 0, 0.184364, 0, 0.982858, -1.24047, 0.832743, -0.0460123)

[node name="Body_01" parent="Guy_02" index="0"]
transform = Transform3D(1, 0, 3.55271e-15, 0, 1, 0, -3.55271e-15, 0, 1, 0, 0, 0)
layers = 32
surface_material_override/0 = ExtResource("3_y5j02")

[node name="Lighter" parent="Guy_02" index="1"]
transform = Transform3D(0.98883, -0.14435, 0.0371225, 0.142889, 0.988954, 0.0393979, -0.0423996, -0.0336535, 0.998534, 0.00835371, -0.133556, -0.0496334)
layers = 32
surface_material_override/0 = ExtResource("4_mfumh")

[node name="Darker" parent="Guy_02" index="2"]
transform = Transform3D(0.98504, 0.16828, 0.0371226, -0.169708, 0.984707, 0.0393979, -0.0299249, -0.0451085, 0.998534, 0.468661, 0.0557103, -0.0742134)
layers = 32
surface_material_override/0 = ExtResource("5_jycg2")

[node name="Hair" parent="Guy_02" index="3"]
transform = Transform3D(0.98883, -0.0926144, 0.0371225, 0.142889, 0.634509, 0.0393979, -0.0423996, -0.0215919, 0.998534, 0.441807, -0.0904791, -0.0685588)
layers = 32
surface_material_override/0 = ExtResource("6_fitiq")

[node name="fusille" parent="Guy_02" index="4"]
transform = Transform3D(0.046563, -0.0220812, -0.000825684, 0.00565082, 0.174382, -0.00811659, 0.00160648, 0.0266215, 0.0524823, -0.300579, -0.969642, 0.43575)
layers = 32
surface_material_override/0 = ExtResource("5_jycg2")

[node name="lagniere" parent="Guy_02" index="5"]
transform = Transform3D(0.126815, 0, 0, 0, 0.125956, -0.0147309, -4.44089e-16, -0.0147309, -0.125956, -0.253527, -0.561609, 0.44571)
layers = 32
surface_material_override/0 = ExtResource("6_fitiq")

[node name="medaille" parent="Guy_02" index="6"]
layers = 32
surface_material_override/0 = ExtResource("4_mfumh")

[node name="medaille_base" parent="Guy_02" index="7"]
layers = 32
surface_material_override/0 = ExtResource("6_fitiq")

[node name="cul" parent="Guy_02" index="8"]
layers = 32
surface_material_override/0 = ExtResource("6_fitiq")

[node name="legs" parent="Guy_02" index="9"]
layers = 32
surface_material_override/0 = ExtResource("7_1k51v")

[node name="bras_coupe" parent="Guy_02" index="10"]
layers = 32
surface_material_override/0 = ExtResource("7_1k51v")

[node name="bras_01" parent="Guy_02" index="11"]
layers = 32
surface_material_override/0 = ExtResource("7_1k51v")

[node name="bras_02" parent="Guy_02" index="12"]
layers = 32
surface_material_override/0 = ExtResource("7_1k51v")

[node name="bouton" parent="Guy_02" index="13"]
transform = Transform3D(0.0413121, -0.000960636, 4.0522e-12, 0.000960636, 0.0413121, 1.20906e-10, -6.86184e-12, -1.20779e-10, 0.0413232, 0.670178, -1.3566, -0.0247185)
layers = 32
surface_material_override/0 = ExtResource("6_fitiq")

[node name="plaquette" parent="Guy_02" index="14"]
transform = Transform3D(0.145875, -1.83607e-11, 1.42872e-11, 1.45331e-10, 0.0184478, -0.0126766, -1.66445e-12, 0.00160921, 0.145323, -0.0357658, -0.488245, 0.522127)
layers = 32
surface_material_override/0 = ExtResource("4_mfumh")

[node name="dossier" parent="Guy_02" index="15"]
layers = 32
surface_material_override/0 = ExtResource("5_jycg2")

[node name="roue" parent="Guy_02" index="16"]
layers = 32
surface_material_override/0 = ExtResource("6_fitiq")

[node name="barre" parent="Guy_02" index="17"]
layers = 32
surface_material_override/0 = ExtResource("5_jycg2")

[node name="b" parent="Guy_02" index="18"]
transform = Transform3D(0.98504, 0.16828, 0.0371225, -0.169708, 0.984706, 0.0393979, -0.0299249, -0.0451086, 0.998534, 0.524928, 0.0640056, -0.0687107)
surface_material_override/0 = ExtResource("5_jycg2")

[node name="Cam_focus" type="Node3D" parent="."]
transform = Transform3D(1, 0, 1.77636e-14, 0, 1, 0, -1.77636e-14, 0, 1, 1.4524, 0.338224, -0.278857)

[editable path="Guy_02"]
